MEMORY
  total            14.3 MB
  struct          159.2 KB
  buffer          161.3 KB
  arena            14.0 MB, used 0.6%

SIZES
  narena                14680064
  nbuffer               165216
  nplugin               0
  maxuse_stack          13048
  maxuse_arena          92444
  maxuse_con            28
  maxuse_efc            111
  ncon                  14
  ne                    0
  nf                    6
  nl                    0
  nefc                  62
  nJ                    1116
  nA                    0
  nisland               0
  nidof                 0
  threadpool            0

TIMER
    0:  duration =  3.3        number = 39
    1:  duration =  3.2        number = 39
    2:  duration =  0          number = 0
    3:  duration =  2.4        number = 39
    4:  duration =  0.12       number = 39
    5:  duration =  0.022      number = 39
    6:  duration =  0.56       number = 39
    7:  duration =  0.021      number = 39
    8:  duration =  0.2        number = 39
    9:  duration =  0.067      number = 39
    10:  duration =  1.2        number = 39
    11:  duration =  0.91       number = 39
    12:  duration =  0.0038     number = 39
    13:  duration =  0.17       number = 39
    14:  duration =  0.88       number = 39

SOLVER STAT
  solver_fwdinv =   0         0       
  ISLAND 0
    solver_niter = 1
    solver_nnz = 324
      0:  improvement =  0.013       gradient =  1e-15       lineslope =  0       
          nactive = 62   nchange = 0   neval = 2   nupdate = 0

ENERGY =   0         0       

TIME =  19      

QPOS
   4.5e-09 
   0.019   
   0.0095  
   0.0025  
   7e-06   
  -0.00012 
  -0.1     
  -0.4     
   0.051   
   1       
  -1.4e-06 
   3.8e-07 
  -3.2e-08 
   0.081   
  -0.4     
   0.007   
   1       
   1.3e-06 
   0.00026 
  -6.1e-05 

QVEL
  -1.4e-09 
   4.7e-07 
   1.7e-07 
   1e-07   
   3.7e-10 
  -5.1e-09 
   0.00021 
   1.5e-06 
  -3.2e-06 
  -2.8e-05 
   0.0041  
   1.1e-08 
  -1.6e-05 
  -1.8e-05 
  -0.00014 
   0.0027  
  -0.0024  
   1.4e-06 

QACC_WARMSTART
   5.4e-10 
  -1.9e-07 
  -8.1e-08 
  -5e-08   
  -1.9e-10 
   2.6e-09 
   0.059   
  -0.057   
  -0.011   
   1.1     
   1.2     
  -4.4e-06 
  -0.0027  
  -0.0053  
  -0.021   
   0.79    
  -0.41    
   0.00041 

CTRL
   0       
   0       
   0       
   0       
   0       
   0       

QFRC_APPLIED
   0       
   0       
   0       
   0       
   0       
   0       
   0       
   0       
   0       
   0       
   0       
   0       
   0       
   0       
   0       
   0       
   0       
   0       

XFRC_APPLIED
   0         0         0         0         0         0       
   0         0         0         0         0         0       
   0         0         0         0         0         0       
   0         0         0         0         0         0       
   0         0         0         0         0         0       
   0         0         0         0         0         0       
   0         0         0         0         0         0       
   0         0         0         0         0         0       
   0         0         0         0         0         0       
   0         0         0         0         0         0       

QACC
   5.4e-10 
  -1.9e-07 
  -8.1e-08 
  -5e-08   
  -1.9e-10 
   2.6e-09 
   0.059   
  -0.057   
  -0.011   
   1.1     
   1.2     
  -4.4e-06 
  -0.0027  
  -0.0053  
  -0.021   
   0.79    
  -0.41    
   0.00041 

XPOS
   0         0         0       
   0         0         0       
   0        -0.045     0.017   
   1.4e-10  -0.076     0.12    
   6.4e-10  -0.19      0.089   
   1.2e-09  -0.32      0.09    
   1.5e-09  -0.38      0.088   
   1.6e-08  -0.41      0.11    
  -0.1      -0.4       0.051   
   0.081    -0.4       0.007   

XQUAT
   1         0         0         0       
   1         0         0         0       
   0.71      0.71      1.6e-09   1.6e-09 
  -0.0095    1         2.2e-09  -2.1e-11 
   0.7       0.72      1.6e-09   1.6e-09 
   1         0.015     3.5e-11   2.2e-09 
   0.71      0.011     0.71      0.011   
  -0.71     -0.011     0.71      0.011   
   1        -1.4e-06  -3.7e-06  -3.2e-08 
   1        -1.4e-06   0.00026  -6.1e-05 

XMAT
   1         0         0         0         1         0         0         0         1       
   1         0         0         0         1         0         0         0         1       
   1         4.1e-25   4.5e-09   4.5e-09  -4.2e-06  -1         1.9e-14   1        -4.2e-06 
   1         4.5e-09  -8.5e-11   4.5e-09  -1         0.019     1.9e-14  -0.019    -1       
   1         1.3e-10   4.5e-09   4.5e-09  -0.028    -1         1.9e-14   1        -0.028   
   1        -4.5e-09   1.4e-10   4.5e-09   1        -0.031     1.9e-14   0.031     1       
  -7.1e-07  -4.5e-09   1         0.031     1         2.6e-08  -1         0.031    -7.1e-07 
   7.1e-07  -7.4e-06  -1        -0.031     1        -7.4e-06   1         0.031     4.8e-07 
   1         6.5e-08  -7.4e-06  -6.5e-08   1         2.7e-06   7.4e-06  -2.7e-06   1       
   1         0.00012   0.00052  -0.00012   1         2.8e-06  -0.00052  -2.9e-06   1       

XIPOS
   0         0         0       
   4.5e-06  -0.015     0.028   
  -9.1e-05  -0.076     0.076   
  -1.7e-05  -0.15      0.11    
  -0.0034   -0.26      0.088   
  -0.0085   -0.36      0.089   
   0.00048  -0.41      0.082   
  -0.00045  -0.44      0.11    
  -0.1      -0.4       0.071   
   0.081    -0.4       0.027   

XIMAT
   1         0         0         0         1         0         0         0         1       
  -3e-05    -1        -0.00085  -0.67      0.00066  -0.75      0.75      0.00054  -0.67    
  -0.35     -0.94      0.017    -0.92      0.34      0.17     -0.16      0.041    -0.99    
   7.3e-05  -1         0.011     0.0041    0.011     1        -1        -2.9e-05   0.0041  
  -0.002    -0.98      0.2      -0.049    -0.2      -0.98      1        -0.012    -0.047   
   0.00018   0.15      0.99     -0.027    -0.99      0.15      1        -0.027     0.0039  
   0.99      0.12     -0.017     0.039    -0.43     -0.9      -0.12      0.89     -0.43    
  -0.00087  -1         0.029    -0.097    -0.028    -0.99      1        -0.0036   -0.097   
   1         6.5e-08  -7.4e-06  -6.5e-08   1         2.7e-06   7.4e-06  -2.7e-06   1       
   1         0.00012   0.00052  -0.00012   1         2.8e-06  -0.00052  -2.9e-06   1       

XANCHOR
   0        -0.045     0.017   
   1.4e-10  -0.076     0.12    
   6.4e-10  -0.19      0.089   
   1.2e-09  -0.32      0.09    
   1.5e-09  -0.38      0.088   
   1.6e-08  -0.41      0.11    
  -0.1      -0.4       0.051   
   0.081    -0.4       0.007   

XAXIS
   0        -4.2e-06   1       
   1         4.5e-09   1.9e-14 
   1         4.5e-09   1.9e-14 
   1         4.5e-09   1.9e-14 
  -4.5e-09   1         0.031   
  -1        -7.4e-06   4.8e-07 
   0         0         1       
   0         0         1       

GEOM_XPOS
   0         0         0       
   4.5e-06  -0.015     0.028   
   2.1e-09  -0.034     0.046   
   4.5e-06  -0.015     0.028   
  -9.7e-05  -0.073     0.065   
   0.00028  -0.076     0.11    
  -9.7e-05  -0.073     0.065   
  -0.00012  -0.13      0.12    
   0.00028  -0.19      0.1     
  -0.00012  -0.13      0.12    
  -0.0033   -0.25      0.088   
   0.00028  -0.31      0.091   
  -0.0033   -0.25      0.088   
  -0.0067   -0.35      0.089   
  -0.012    -0.37      0.089   
  -0.0067   -0.35      0.089   
   0.00037  -0.41      0.077   
   0.00022  -0.41      0.096   
  -1.1e-07  -0.44      0.065   
   0.00014  -0.4       0.085   
  -4.3e-09  -0.48      0.076   
  -5.8e-09  -0.47      0.075   
  -7e-09    -0.46      0.073   
  -8.3e-09  -0.44      0.072   
  -0.00012  -0.43      0.11    
  -1.3e-05  -0.48      0.1     
   2.9e-07  -0.45      0.11    
  -6.2e-05  -0.41      0.11    
   5.7e-07  -0.48      0.094   
   5e-07    -0.47      0.096   
   4.2e-07  -0.46      0.099   
   2.7e-07  -0.44      0.099   
  -0.1      -0.4       0.05    
  -0.085    -0.37      0.061   
  -0.068    -0.39      0.054   
  -0.11     -0.37      0.055   
  -0.13     -0.38      0.062   
  -0.068    -0.41      0.055   
  -0.084    -0.43      0.062   
  -0.11     -0.43      0.056   
  -0.13     -0.42      0.061   
  -0.085    -0.39      0.0067  
  -0.12     -0.39      0.0074  
  -0.085    -0.41      0.0075  
  -0.11     -0.42      0.0074  
   0.064    -0.4       0.0067  
   0.018    -0.4       0.007   
   0.046    -0.4       0.0069  
   0.016    -0.4       0.0073  
   0.1      -0.4       0.0062  

GEOM_XMAT
   1         0         0         0         1         0         0         0         1       
  -3e-05    -1        -0.00085  -0.67      0.00066  -0.75      0.75      0.00054  -0.67    
   1         0         0         0         0.025    -1         0         1         0.025   
  -3e-05    -1        -0.00085  -0.67      0.00066  -0.75      0.75      0.00054  -0.67    
   1         0.053     0.0044    0.048    -0.93      0.35      0.023    -0.35     -0.93    
   4.5e-09  -1         0.025    -1         1e-07     4.2e-06  -4.2e-06  -0.025    -1       
   1         0.053     0.0044    0.048    -0.93      0.35      0.023    -0.35     -0.93    
  -0.0032   -1        -0.0079    0.0027   -0.0079    1        -1         0.0031    0.0027  
   4.5e-09  -1        -0.025    -1        -0.00047   0.019    -0.019     0.025    -1       
  -0.0032   -1        -0.0079    0.0027   -0.0079    1        -1         0.0031    0.0027  
  -0.007    -0.99      0.13     -0.016    -0.13     -0.99      1        -0.009    -0.015   
   1.3e-10  -1        -0.025    -0.028     0.025    -1         1         0.00071  -0.028   
  -0.007    -0.99      0.13     -0.016    -0.13     -0.99      1        -0.009    -0.015   
  -0.00022  -0.85     -0.52     -0.033     0.52     -0.85      1         0.017    -0.028   
   1.4e-10  -0.18      0.98     -0.031    -0.98     -0.18      1        -0.03     -0.0056  
  -0.00022  -0.85     -0.52     -0.033     0.52     -0.85      1         0.017    -0.028   
   0.99      0.14     -0.0031    0.049    -0.37     -0.93     -0.13      0.92     -0.38    
  -4.5e-09   1        -0.025     1         0.00077   0.031     0.031    -0.025    -1       
  -6.9e-07   1         1.7e-07  -0.2       2.6e-08  -0.98     -0.98     -7.1e-07   0.2     
   0.03      1        -0.013     1        -0.031    -0.052    -0.053    -0.012    -1       
  -7.1e-07  -4.5e-09   1         0.031     1         2.6e-08  -1         0.031    -7.1e-07 
  -7.1e-07  -4.5e-09   1         0.031     1         2.6e-08  -1         0.031    -7.1e-07 
  -7.1e-07  -4.5e-09   1         0.031     1         2.6e-08  -1         0.031    -7.1e-07 
  -7.1e-07  -4.5e-09   1         0.031     1         2.6e-08  -1         0.031    -7.1e-07 
   1.3e-06  -1         0.0012   -0.11     -0.0012   -0.99      0.99     -0.00013  -0.11    
   3.7e-06  -1         6.4e-06  -0.45     -7.4e-06  -0.89      0.89      4.8e-07  -0.45    
   1.1e-06  -1         7.3e-06  -0.091    -7.4e-06  -1         1         4.8e-07  -0.091   
   1.3e-06  -0.0052   -1        -0.11      0.99     -0.0052    0.99      0.11     -0.00056 
   7.1e-07  -7.4e-06  -1        -0.031     1        -7.4e-06   1         0.031     4.8e-07 
   7.1e-07  -7.4e-06  -1        -0.031     1        -7.4e-06   1         0.031     4.8e-07 
   7.1e-07  -7.4e-06  -1        -0.031     1        -7.4e-06   1         0.031     4.8e-07 
   7.1e-07  -7.4e-06  -1        -0.031     1        -7.4e-06   1         0.031     4.8e-07 
   0.4      -0.91     -1.4e-05   0.91      0.4       4.4e-05  -3.4e-05  -3e-05     1       
   0.41     -0.91      0.09      0.91      0.41      0.061    -0.093     0.057     0.99    
   0.9      -0.41      0.14      0.41      0.91     -0.0041   -0.12      0.06      0.99    
  -0.43     -0.9       0.0033    0.89     -0.43      0.13     -0.12      0.061     0.99    
   0.91      0.41     -0.063    -0.4       0.91      0.085     0.092    -0.052     0.99    
   0.9       0.43      0.13     -0.43      0.9       0.0034   -0.12     -0.061     0.99    
  -0.42     -0.9       0.084     0.9      -0.43     -0.063     0.092     0.049     0.99    
   0.36     -0.93      0.0045    0.92      0.36     -0.13      0.12      0.052     0.99    
   0.89     -0.44     -0.062     0.44      0.89     -0.084     0.092     0.048     0.99    
  -0.12     -0.7       0.71     -0.12     -0.7      -0.71      0.98     -0.17      7.1e-06 
   0.17     -0.7      -0.69     -0.16      0.68     -0.72      0.97      0.23      0.0014  
  -0.17     -0.71     -0.68      0.17      0.66     -0.73      0.97     -0.24      0.0098  
   0.15     -0.65      0.75      0.15     -0.73     -0.66      0.98      0.21     -0.0056  
   0.012     0.033     1         0.00037  -1         0.033     1        -1.5e-05  -0.012   
   1        -0.1       0.00052   0.1       1         2.8e-06  -0.00052   4.9e-05   1       
   0.37      0.011     0.93      0.93     -0.0042   -0.37     -0.0002    1        -0.012   
   0.012     0.091     1         0.001    -1         0.091     1        -4.5e-05  -0.012   
   0.012     0.12      0.99      0.0014   -0.99      0.12      1        -6.1e-05  -0.012   

CAM_XPOS
   0        -0.3       1.2     
   0        -0.3       0.6     

CAM_XMAT
  -1        -2.7e-06   0         2.7e-06  -1         0         0         0         1       
   6.3e-06  -1         0         1         6.3e-06   0         0         0         1       

LIGHT_XPOS
   0         0         1.5     

LIGHT_XDIR
   0         0        -1       

SUBTREE_COM
  -0.0088   -0.18      0.061   
  -0.00089  -0.13      0.062   
  -0.0017   -0.23      0.092   
  -0.0021   -0.27      0.097   
  -0.0031   -0.34      0.088   
  -0.0029   -0.39      0.087   
   0.00032  -0.42      0.086   
  -0.00045  -0.44      0.11    
  -0.1      -0.4       0.071   
   0.081    -0.4       0.027   

CDOF
   0        -4.2e-06   1         0.084    -0.00089  -3.8e-09 
   1         4.5e-09   1.9e-14  -2.6e-10   0.057    -0.053   
   1         4.5e-09   1.9e-14  -1.2e-10   0.027     0.059   
   1         4.5e-09   1.9e-14  -1.3e-10   0.029     0.19    
  -4.5e-09   1         0.031    -0.034    -2.8e-05   0.00089 
  -1        -7.4e-06   4.8e-07   2.1e-07  -0.046    -0.28    
   0         0         0         1         0         0       
   0         0         0         0         1         0       
   0         0         0         0         0         1       
   1        -6.5e-08   7.4e-06  -1.3e-09  -0.02      5.4e-08 
   6.5e-08   1        -2.7e-06   0.02     -1.3e-09   1.5e-07 
  -7.4e-06   2.7e-06   1        -2.2e-17  -6.2e-18  -1.5e-22 
   0         0         0         1         0         0       
   0         0         0         0         1         0       
   0         0         0         0         0         1       
   1        -0.00012  -0.00052  -2.4e-06  -0.02      5.8e-08 
   0.00012   1        -2.9e-06   0.02     -2.4e-06  -1e-05   
   0.00052   2.8e-06   1        -4.2e-18   1.4e-17   2.2e-21 

CINERT
   0         0         0         0         0         0         0         0         0         0       
   0.0084    0.0011    0.0078   -5.7e-05   1.7e-05   0.002     0.0005    0.064    -0.019     0.56    
   0.00042   8.2e-05   0.00037  -5e-06    -8.3e-07  -8.3e-05   9.5e-05   0.0063    0.0017    0.12    
   0.00067   0.00052   0.00026   1.3e-06  -7.5e-06   0.00014   0.00014  -0.0027    0.0086    0.16    
   0.0029    0.00015   0.0029   -3.9e-05   1e-05     0.00052  -0.00037  -0.02      0.0039    0.15    
   0.0035    7.7e-05   0.0035   -0.00012   1.4e-05   0.00041  -0.00051  -0.015     0.0018    0.066   
   0.0075    6.9e-05   0.0074    3.6e-05  -3.2e-06   0.00052   0.00013  -0.026     0.0019    0.093   
   0.002     4.1e-05   0.0019    2.9e-06  -3.7e-07   0.00027   8.9e-06  -0.0063    0.00088   0.02    
   0.002     0.002     0.001     2e-14     7.4e-09  -2.7e-09   0         0         0         0.2     
   0.001     0.001     0.001    -2.7e-23   1.1e-22   4.1e-25  -1.4e-18   0        -3.5e-19   0.1     

ACTUATOR_LENGTH
   4.5e-09 
   0.019   
   0.0095  
   0.0025  
   7e-06   
  -0.00012 

actuator_moment
--------------------
 x                  |
  x                 |
   x                |
    x               |
     x              |
      x             |
--------------------

ACTUATOR_MOMENT
     0:  1       
     1:  1       
     2:  1       
     3:  1       
     4:  1       
     5:  1       

CRB
   0         0         0         0         0         0         0         0         0         0       
   0.025     0.002     0.024    -0.00018   2.9e-05   0.0038    1.1e-19   0        -1e-17     1.2     
   0.017     0.00095   0.016    -0.00012   1.2e-05   0.0018   -0.0005   -0.064     0.019     0.61    
   0.017     0.00087   0.016    -0.00011   1.3e-05   0.0019   -0.0006   -0.07      0.017     0.49    
   0.016     0.00034   0.016    -0.00012   2.1e-05   0.0017   -0.00074  -0.068     0.0085    0.33    
   0.013     0.00019   0.013    -7.8e-05   1e-05     0.0012   -0.00037  -0.048     0.0046    0.18    
   0.0094    0.00011   0.0094    3.9e-05  -3.6e-06   0.00079   0.00014  -0.032     0.0028    0.11    
   0.002     4.1e-05   0.0019    2.9e-06  -3.7e-07   0.00027   8.9e-06  -0.0063    0.00088   0.02    
   0.002     0.002     0.001     2e-14     7.4e-09  -2.7e-09   0         0         0         0.2     
   0.001     0.001     0.001    -2.7e-23   1.1e-22   4.1e-25  -1.4e-18   0        -3.5e-19   0.1     

QM
   0.13    
  -3.1e-05   0.13    
   9.6e-08   0.014     0.11    
  -7.3e-07   0.0043    0.0029    0.1     
  -4.7e-05   1.2e-05   7.8e-06   2.9e-06   0.1     
   8.8e-09  -0.00023  -0.00016  -7.9e-05   1e-07     0.1     
                                                               0.2     
                                                               0         0.2     
                                                               0         0         0.2     
                                                              -2.6e-10  -0.004     1.1e-08   0.0021  
                                                               0.004    -2.6e-10   3e-08    -6.1e-26   0.0021  
                                                              -4.5e-18  -1.2e-18  -3e-23     2.5e-20  -8.9e-20   0.001   
                                                                                                                           0.1     
                                                                                                                           0         0.1     
                                                                                                                           0         0         0.1     
                                                                                                                          -2.4e-07  -0.002     5.8e-09   0.001   
                                                                                                                           0.002    -2.4e-07  -1e-06    -8.1e-23   0.001   
                                                                                                                          -4.2e-19   1.6e-20   2.2e-22  -6.9e-22  -8.4e-21   0.001   

M
     0:  0.13    
     0: -3.1e-05    1:  0.13    
     0:  9.6e-08    1:  0.014      2:  0.11    
     0: -7.3e-07    1:  0.0043     2:  0.0029     3:  0.1     
     0: -4.7e-05    1:  1.2e-05    2:  7.8e-06    3:  2.9e-06    4:  0.1     
     0:  8.8e-09    1: -0.00023    2: -0.00016    3: -7.9e-05    4:  1e-07      5:  0.1     
     6:  0.2     
     6:  0          7:  0.2     
     6:  0          7:  0          8:  0.2     
     6: -2.6e-10    7: -0.004      8:  1.1e-08    9:  0.0021  
     6:  0.004      7: -2.6e-10    8:  3e-08      9: -6.1e-26   10:  0.0021  
     6: -4.5e-18    7: -1.2e-18    8: -3e-23      9:  2.5e-20   10: -8.9e-20   11:  0.001   
    12:  0.1     
    12:  0         13:  0.1     
    12:  0         13:  0         14:  0.1     
    12: -2.4e-07   13: -0.002     14:  5.8e-09   15:  0.001   
    12:  0.002     13: -2.4e-07   14: -1e-06     15: -8.1e-23   16:  0.001   
    12: -4.2e-19   13:  1.6e-20   14:  2.2e-22   15: -6.9e-22   16: -8.4e-21   17:  0.001   

QLD
     0:  0.13    
     0: -0.00025    1:  0.12    
     0:  1.1e-06    1:  0.13       2:  0.11    
     0: -7.2e-06    1:  0.043      2:  0.029      3:  0.1     
     0: -0.00047    1:  0.00012    2:  7.8e-05    3:  2.9e-05    4:  0.1     
     0:  8.8e-08    1: -0.0023     2: -0.0016     3: -0.00079    4:  1e-06      5:  0.1     
     6:  0.19    
     6: -7.7e-13    7:  0.19    
     6: -2.8e-07    7:  1e-07      8:  0.2     
     6: -1.2e-07    7: -1.9        8:  5.2e-06    9:  0.0021  
     6:  1.9        7: -1.2e-07    8:  1.4e-05    9: -2.9e-23   10:  0.0021  
     6: -4.5e-15    7: -1.2e-15    8: -3e-20      9:  2.5e-17   10: -8.9e-17   11:  0.001   
    12:  0.096   
    12:  5.7e-11   13:  0.096   
    12:  2e-05     13:  1.1e-07   14:  0.1     
    12: -0.00023   13: -1.9       14:  5.6e-06   15:  0.001   
    12:  1.9       13: -0.00023   14: -0.001     15: -7.8e-20   16:  0.001   
    12: -4.2e-16   13:  1.6e-17   14:  2.2e-19   15: -6.9e-19   16: -8.4e-18   17:  0.001   

QLDIAGINV
   7.6     
   8.1     
   9.2     
   9.9     
   10      
   10      
   5.2     
   5.2     
   5       
   4.8e+02 
   4.8e+02 
   1e+03   
   10      
   10      
   10      
   9.6e+02 
   9.6e+02 
   1e+03   

B: body-dof matrix
--------------------
 xxxxxxxxxxxxxxxxxx |
 xxxxxx             |
 xxxxxx             |
 xxxxxx             |
 xxxxxx             |
 xxxxxx             |
 xxxxxx             |
 xxxxxx             |
       xxxxxx       |
             xxxxxx |
--------------------

B_rownnz              18 6 6 6 6 6 6 6 6 6

B_rowadr              0 18 24 30 36 42 48 54 60 66

B_colind              0 1 2 3 4 5 6 7 8 9 10 11 12 13 14 15 16 17 0 1 2 3 4 5 0 1 2 3 4 5 0 1 2 3 4 5 0 1 2 3 4 5 0 1 2 3 4 5 0 1 2 3 4 5 0 1 2 3 4 5 6 7 8 9 10 11 12 13 14 15 16 17

M: reduced inertia matrix
--------------------
 x                  |
 xx                 |
 xxx                |
 xxxx               |
 xxxxx              |
 xxxxxx             |
       x            |
       xx           |
       xxx          |
       xxxx         |
       xxxxx        |
       xxxxxx       |
             x      |
             xx     |
             xxx    |
             xxxx   |
             xxxxx  |
             xxxxxx |
--------------------

M_rownnz              1 2 3 4 5 6 1 2 3 4 5 6 1 2 3 4 5 6

M_rowadr              0 1 3 6 10 15 21 22 24 27 31 36 42 43 45 48 52 57

M_colind              0 0 1 0 1 2 0 1 2 3 0 1 2 3 4 0 1 2 3 4 5 6 6 7 6 7 8 6 7 8 9 6 7 8 9 10 6 7 8 9 10 11 12 12 13 12 13 14 12 13 14 15 12 13 14 15 16 12 13 14 15 16 17

mapM2M                0 2 1 5 4 3 9 8 7 6 14 13 12 11 10 20 19 18 17 16 15 21 23 22 26 25 24 30 29 28 27 35 34 33 32 31 41 40 39 38 37 36 42 44 43 47 46 45 51 50 49 48 56 55 54 53 52 62 61 60 59 58 57

D: dof-dof matrix
--------------------
 Dxxxxx             |
 xDxxxx             |
 xxDxxx             |
 xxxDxx             |
 xxxxDx             |
 xxxxxD             |
       Dxxxxx       |
       xDxxxx       |
       xxDxxx       |
       xxxDxx       |
       xxxxDx       |
       xxxxxD       |
             Dxxxxx |
             xDxxxx |
             xxDxxx |
             xxxDxx |
             xxxxDx |
             xxxxxD |
--------------------

D_rownnz              6 6 6 6 6 6 6 6 6 6 6 6 6 6 6 6 6 6

D_rowadr              0 6 12 18 24 30 36 42 48 54 60 66 72 78 84 90 96 102

D_colind              0 1 2 3 4 5 0 1 2 3 4 5 0 1 2 3 4 5 0 1 2 3 4 5 0 1 2 3 4 5 0 1 2 3 4 5 6 7 8 9 10 11 6 7 8 9 10 11 6 7 8 9 10 11 6 7 8 9 10 11 6 7 8 9 10 11 6 7 8 9 10 11 12 13 14 15 16 17 12 13 14 15 16 17 12 13 14 15 16 17 12 13 14 15 16 17 12 13 14 15 16 17 12 13 14 15 16 17

mapM2D                0 2 5 9 14 20 2 1 4 8 13 19 5 4 3 7 12 18 9 8 7 6 11 17 14 13 12 11 10 16 20 19 18 17 16 15 21 23 26 30 35 41 23 22 25 29 34 40 26 25 24 28 33 39 30 29 28 27 32 38 35 34 33 32 31 37 41 40 39 38 37 36 42 44 47 51 56 62 44 43 46 50 55 61 47 46 45 49 54 60 51 50 49 48 53 59 56 55 54 53 52 58 62 61 60 59 58 57

mapD2M                0 7 6 14 13 12 21 20 19 18 28 27 26 25 24 35 34 33 32 31 30 36 43 42 50 49 48 57 56 55 54 64 63 62 61 60 71 70 69 68 67 66 72 79 78 86 85 84 93 92 91 90 100 99 98 97 96 107 106 105 104 103 102

CONTACT
  0:
     dim           4
     geoms         floor : cup_contact8
     exclude       0
     efc_address   6
     solref         0.02      1       
     solimp         0.9       0.95      0.001     0.5       2       
     dist           0.00045 
     includemargin  0.0005  
     pos           -0.1      -0.37      0.00023 
     frame          0         0         1         0         1         0        -1         0         0       
     friction       1         1         0.5       0.01      0.01    
     mu             0.32    
     force          0.18     -0.0016   -0.0017   -2.5e-06   0         0       
  1:
     dim           4
     geoms         floor : cup_contact8
     exclude       0
     efc_address   10
     solref         0.02      1       
     solimp         0.9       0.95      0.001     0.5       2       
     dist           0.00045 
     includemargin  0.0005  
     pos           -0.1      -0.4       0.00023 
     frame          0         0         1         0         1         0        -1         0         0       
     friction       1         1         0.5       0.01      0.01    
     mu             0.32    
     force          0.22     -0.0016   -0.0017   -2.5e-06   0         0       
  2:
     dim           4
     geoms         floor : cup_contact9
     exclude       0
     efc_address   14
     solref         0.02      1       
     solimp         0.9       0.95      0.001     0.5       2       
     dist           0.00046 
     includemargin  0.0005  
     pos           -0.13     -0.39      0.00023 
     frame          0         0         1         0         1         0        -1         0         0       
     friction       1         1         0.5       0.01      0.01    
     mu             0.32    
     force          0.13     -0.0016   -0.0016   -2.5e-06   0         0       
  3:
     dim           4
     geoms         floor : cup_contact9
     exclude       0
     efc_address   18
     solref         0.02      1       
     solimp         0.9       0.95      0.001     0.5       2       
     dist           0.00046 
     includemargin  0.0005  
     pos           -0.13     -0.4       0.00023 
     frame          0         0         1         0         1         0        -1         0         0       
     friction       1         1         0.5       0.01      0.01    
     mu             0.32    
     force          0.15     -0.0016   -0.0016   -2.5e-06   0         0       
  4:
     dim           4
     geoms         floor : cup_contact9
     exclude       0
     efc_address   22
     solref         0.02      1       
     solimp         0.9       0.95      0.001     0.5       2       
     dist           0.00046 
     includemargin  0.0005  
     pos           -0.11     -0.37      0.00023 
     frame          0         0         1         0         1         0        -1         0         0       
     friction       1         1         0.5       0.01      0.01    
     mu             0.32    
     force          0.16     -0.0016   -0.0016   -2.5e-06   0         0       
  5:
     dim           4
     geoms         floor : cup_contact10
     exclude       0
     efc_address   26
     solref         0.02      1       
     solimp         0.9       0.95      0.001     0.5       2       
     dist           0.00046 
     includemargin  0.0005  
     pos           -0.099    -0.4       0.00023 
     frame          0         0         1         0         1         0        -1         0         0       
     friction       1         1         0.5       0.01      0.01    
     mu             0.32    
     force          0.22     -0.0016   -0.0016   -2.5e-06   0         0       
  6:
     dim           4
     geoms         floor : cup_contact10
     exclude       0
     efc_address   30
     solref         0.02      1       
     solimp         0.9       0.95      0.001     0.5       2       
     dist           0.00046 
     includemargin  0.0005  
     pos           -0.099    -0.43      0.00023 
     frame          0         0         1         0         1         0        -1         0         0       
     friction       1         1         0.5       0.01      0.01    
     mu             0.32    
     force          0.26     -0.0016   -0.0016   -2.5e-06   0         0       
  7:
     dim           4
     geoms         floor : cup_contact10
     exclude       0
     efc_address   34
     solref         0.02      1       
     solimp         0.9       0.95      0.001     0.5       2       
     dist           0.00046 
     includemargin  0.0005  
     pos           -0.07     -0.4       0.00023 
     frame          0         0         1         0         1         0        -1         0         0       
     friction       1         1         0.5       0.01      0.01    
     mu             0.32    
     force          0.29     -0.0016   -0.0016   -2.5e-06   0         0       
  8:
     dim           4
     geoms         floor : cup_contact11
     exclude       0
     efc_address   38
     solref         0.02      1       
     solimp         0.9       0.95      0.001     0.5       2       
     dist           0.00046 
     includemargin  0.0005  
     pos           -0.13     -0.4       0.00023 
     frame          0         0         1         0         1         0        -1         0         0       
     friction       1         1         0.5       0.01      0.01    
     mu             0.32    
     force          0.15     -0.0016   -0.0016   -2.5e-06   0         0       
  9:
     dim           4
     geoms         floor : cup_contact11
     exclude       0
     efc_address   42
     solref         0.02      1       
     solimp         0.9       0.95      0.001     0.5       2       
     dist           0.00046 
     includemargin  0.0005  
     pos           -0.099    -0.4       0.00023 
     frame          0         0         1         0         1         0        -1         0         0       
     friction       1         1         0.5       0.01      0.01    
     mu             0.32    
     force          0.22     -0.0016   -0.0016   -2.5e-06   0         0       
  10:
     dim           4
     geoms         floor : toothbrush_contact0
     exclude       0
     efc_address   46
     solref         0.02      1       
     solimp         0.9       0.95      0.001     0.5       2       
     dist           0.00041 
     includemargin  0.0005  
     pos            0.06     -0.4       0.00021 
     frame          0         0         1         0         1         0        -1         0         0       
     friction       1         1         0.5       0.01      0.01    
     mu             0.32    
     force          0.23     -0.00049   0.00025   8.4e-07   0         0       
  11:
     dim           4
     geoms         floor : toothbrush_contact0
     exclude       0
     efc_address   50
     solref         0.02      1       
     solimp         0.9       0.95      0.001     0.5       2       
     dist           0.00042 
     includemargin  0.0005  
     pos            0.042    -0.39      0.00021 
     frame          0         0         1         0         1         0        -1         0         0       
     friction       1         1         0.5       0.01      0.01    
     mu             0.32    
     force          0.22     -0.00045   0.00022   8.4e-07   0         0       
  12:
     dim           4
     geoms         floor : toothbrush_contact2
     exclude       0
     efc_address   54
     solref         0.02      1       
     solimp         0.9       0.95      0.001     0.5       2       
     dist           0.00038 
     includemargin  0.0005  
     pos            0.13     -0.4       0.00019 
     frame          0         0         1         0         1         0        -1         0         0       
     friction       1         1         0.5       0.01      0.01    
     mu             0.32    
     force          0.28     -0.00065   0.00035   8.5e-07   0         0       
  13:
     dim           4
     geoms         floor : toothbrush_contact2
     exclude       0
     efc_address   58
     solref         0.02      1       
     solimp         0.9       0.95      0.001     0.5       2       
     dist           0.00041 
     includemargin  0.0005  
     pos            0.076    -0.4       0.0002  
     frame          0         0         1         0         1         0        -1         0         0       
     friction       1         1         0.5       0.01      0.01    
     mu             0.32    
     force          0.25     -0.00052   0.00027   8.4e-07   0         0       

EFC_TYPE
  1
  1
  1
  1
  1
  1
  7
  7
  7
  7
  7
  7
  7
  7
  7
  7
  7
  7
  7
  7
  7
  7
  7
  7
  7
  7
  7
  7
  7
  7
  7
  7
  7
  7
  7
  7
  7
  7
  7
  7
  7
  7
  7
  7
  7
  7
  7
  7
  7
  7
  7
  7
  7
  7
  7
  7
  7
  7
  7
  7
  7
  7

EFC_ID
  0
  1
  2
  3
  4
  5
  0
  0
  0
  0
  1
  1
  1
  1
  2
  2
  2
  2
  3
  3
  3
  3
  4
  4
  4
  4
  5
  5
  5
  5
  6
  6
  6
  6
  7
  7
  7
  7
  8
  8
  8
  8
  9
  9
  9
  9
  10
  10
  10
  10
  11
  11
  11
  11
  12
  12
  12
  12
  13
  13
  13
  13

EFC_J
   1         0         0         0         0         0         0         0         0         0         0         0         0         0         0         0         0         0       
   0         1         0         0         0         0         0         0         0         0         0         0         0         0         0         0         0         0       
   0         0         1         0         0         0         0         0         0         0         0         0         0         0         0         0         0         0       
   0         0         0         1         0         0         0         0         0         0         0         0         0         0         0         0         0         0       
   0         0         0         0         1         0         0         0         0         0         0         0         0         0         0         0         0         0       
   0         0         0         0         0         1         0         0         0         0         0         0         0         0         0         0         0         0       
   0         0         0         0         0         0         0         0         1         0.03      0.00026  -2.2e-07   0         0         0         0         0         0       
   0         0         0         0         0         0         0         1         0         0.051     4e-09    -0.00026   0         0         0         0         0         0       
   0         0         0         0         0         0        -1         0         0         2.2e-07   0.051     0.03      0         0         0         0         0         0       
   0         0         0         0         0         0         0         0         0         7.4e-06  -2.7e-06   1         0         0         0         0         0         0       
   0         0         0         0         0         0         0         0         1        -0.00026   0.00026   2.7e-09   0         0         0         0         0         0       
   0         0         0         0         0         0         0         1         0         0.051     4e-09    -0.00026   0         0         0         0         0         0       
   0         0         0         0         0         0        -1         0         0        -5.3e-09   0.051    -0.00026   0         0         0         0         0         0       
   0         0         0         0         0         0         0         0         0         7.4e-06  -2.7e-06   1         0         0         0         0         0         0       
   0         0         0         0         0         0         0         0         1         0.011     0.029    -2.1e-09   0         0         0         0         0         0       
   0         0         0         0         0         0         0         1         0         0.051     8.1e-08  -0.029     0         0         0         0         0         0       
   0         0         0         0         0         0        -1         0         0         7.7e-08   0.051     0.011     0         0         0         0         0         0       
   0         0         0         0         0         0         0         0         0         7.4e-06  -2.7e-06   1         0         0         0         0         0         0       
   0         0         0         0         0         0         0         0         1        -0.00026   0.029     8e-08     0         0         0         0         0         0       
   0         0         0         0         0         0         0         1         0         0.051     8.1e-08  -0.029     0         0         0         0         0         0       
   0         0         0         0         0         0        -1         0         0        -5.3e-09   0.051    -0.00026   0         0         0         0         0         0       
   0         0         0         0         0         0         0         0         0         7.4e-06  -2.7e-06   1         0         0         0         0         0         0       
   0         0         0         0         0         0         0         0         1         0.03      0.005    -2.1e-07   0         0         0         0         0         0       
   0         0         0         0         0         0         0         1         0         0.051     1.7e-08  -0.005     0         0         0         0         0         0       
   0         0         0         0         0         0        -1         0         0         2.2e-07   0.051     0.03      0         0         0         0         0         0       
   0         0         0         0         0         0         0         0         0         7.4e-06  -2.7e-06   1         0         0         0         0         0         0       
   0         0         0         0         0         0         0         0         1        -0.00027  -0.0013   -1.6e-09   0         0         0         0         0         0       
   0         0         0         0         0         0         0         1         0         0.051    -2.7e-10   0.0013    0         0         0         0         0         0       
   0         0         0         0         0         0        -1         0         0        -5.3e-09   0.051    -0.00027   0         0         0         0         0         0       
   0         0         0         0         0         0         0         0         0         7.4e-06  -2.7e-06   1         0         0         0         0         0         0       
   0         0         0         0         0         0         0         0         1        -0.029    -0.0013    2.1e-07   0         0         0         0         0         0       
   0         0         0         0         0         0         0         1         0         0.051    -2.7e-10   0.0013    0         0         0         0         0         0       
   0         0         0         0         0         0        -1         0         0        -2.2e-07   0.051    -0.029     0         0         0         0         0         0       
   0         0         0         0         0         0         0         0         0         7.4e-06  -2.7e-06   1         0         0         0         0         0         0       
   0         0         0         0         0         0         0         0         1        -0.00027  -0.03     -7.9e-08   0         0         0         0         0         0       
   0         0         0         0         0         0         0         1         0         0.051    -7.8e-08   0.03      0         0         0         0         0         0       
   0         0         0         0         0         0        -1         0         0        -5.3e-09   0.051    -0.00027   0         0         0         0         0         0       
   0         0         0         0         0         0         0         0         0         7.4e-06  -2.7e-06   1         0         0         0         0         0         0       
   0         0         0         0         0         0         0         0         1        -0.00027   0.029     8e-08     0         0         0         0         0         0       
   0         0         0         0         0         0         0         1         0         0.051     8.1e-08  -0.029     0         0         0         0         0         0       
   0         0         0         0         0         0        -1         0         0        -5.3e-09   0.051    -0.00027   0         0         0         0         0         0       
   0         0         0         0         0         0         0         0         0         7.4e-06  -2.7e-06   1         0         0         0         0         0         0       
   0         0         0         0         0         0         0         0         1        -0.00027  -0.0013   -1.6e-09   0         0         0         0         0         0       
   0         0         0         0         0         0         0         1         0         0.051    -2.7e-10   0.0013    0         0         0         0         0         0       
   0         0         0         0         0         0        -1         0         0        -5.3e-09   0.051    -0.00027   0         0         0         0         0         0       
   0         0         0         0         0         0         0         0         0         7.4e-06  -2.7e-06   1         0         0         0         0         0         0       
   0         0         0         0         0         0         0         0         0         0         0         0         0         0         1        -0.00097   0.02     -4.5e-07 
   0         0         0         0         0         0         0         0         0         0         0         0         0         1         0         0.0068    8.8e-07  -0.02    
   0         0         0         0         0         0         0         0         0         0         0         0        -1         0         0        -3.1e-07   0.0068   -0.00097 
   0         0         0         0         0         0         0         0         0         0         0         0         0         0         0        -0.00052  -2.9e-06   1       
   0         0         0         0         0         0         0         0         0         0         0         0         0         0         1         0.0051    0.039     2.8e-06 
   0         0         0         0         0         0         0         0         0         0         0         0         0         1         0         0.0068    9.3e-07  -0.039   
   0         0         0         0         0         0         0         0         0         0         0         0        -1         0         0        -3.5e-06   0.0068    0.0051  
   0         0         0         0         0         0         0         0         0         0         0         0         0         0         0        -0.00052  -2.9e-06   1       
   0         0         0         0         0         0         0         0         0         0         0         0         0         0         1         0.0037   -0.053     1.8e-06 
   0         0         0         0         0         0         0         0         0         0         0         0         0         1         0         0.0067    6.7e-07   0.053   
   0         0         0         0         0         0         0         0         0         0         0         0        -1         0         0        -2.8e-06   0.0068    0.0037  
   0         0         0         0         0         0         0         0         0         0         0         0         0         0         0        -0.00052  -2.9e-06   1       
   0         0         0         0         0         0         0         0         0         0         0         0         0         0         1        -0.0043    0.005    -2.3e-06 
   0         0         0         0         0         0         0         0         0         0         0         0         0         1         0         0.0068    8.3e-07  -0.005   
   0         0         0         0         0         0         0         0         0         0         0         0        -1         0         0         1.4e-06   0.0068   -0.0043  
   0         0         0         0         0         0         0         0         0         0         0         0         0         0         0        -0.00052  -2.9e-06   1       

EFC_POS
   0       
   0       
   0       
   0       
   0       
   0       
   0.00045 
   0       
   0       
   0       
   0.00045 
   0       
   0       
   0       
   0.00046 
   0       
   0       
   0       
   0.00046 
   0       
   0       
   0       
   0.00046 
   0       
   0       
   0       
   0.00046 
   0       
   0       
   0       
   0.00046 
   0       
   0       
   0       
   0.00046 
   0       
   0       
   0       
   0.00046 
   0       
   0       
   0       
   0.00046 
   0       
   0       
   0       
   0.00041 
   0       
   0       
   0       
   0.00042 
   0       
   0       
   0       
   0.00038 
   0       
   0       
   0       
   0.00041 
   0       
   0       
   0       

EFC_MARGIN
   0       
   0       
   0       
   0       
   0       
   0       
   0.0005  
   0       
   0       
   0       
   0.0005  
   0       
   0       
   0       
   0.0005  
   0       
   0       
   0       
   0.0005  
   0       
   0       
   0       
   0.0005  
   0       
   0       
   0       
   0.0005  
   0       
   0       
   0       
   0.0005  
   0       
   0       
   0       
   0.0005  
   0       
   0       
   0       
   0.0005  
   0       
   0       
   0       
   0.0005  
   0       
   0       
   0       
   0.0005  
   0       
   0       
   0       
   0.0005  
   0       
   0       
   0       
   0.0005  
   0       
   0       
   0       
   0.0005  
   0       
   0       
   0       

EFC_FRICTIONLOSS
   0.1     
   0.1     
   0.1     
   0.1     
   0.1     
   0.1     
   0       
   0       
   0       
   0       
   0       
   0       
   0       
   0       
   0       
   0       
   0       
   0       
   0       
   0       
   0       
   0       
   0       
   0       
   0       
   0       
   0       
   0       
   0       
   0       
   0       
   0       
   0       
   0       
   0       
   0       
   0       
   0       
   0       
   0       
   0       
   0       
   0       
   0       
   0       
   0       
   0       
   0       
   0       
   0       
   0       
   0       
   0       
   0       
   0       
   0       
   0       
   0       
   0       
   0       
   0       
   0       

EFC_DIAGAPPROX
   7.6     
   8.1     
   9.3     
   9.9     
   10      
   10      
   5       
   0.5     
   0.5     
   2       
   5       
   0.5     
   0.5     
   2       
   5       
   0.5     
   0.5     
   2       
   5       
   0.5     
   0.5     
   2       
   5       
   0.5     
   0.5     
   2       
   5       
   0.5     
   0.5     
   2       
   5       
   0.5     
   0.5     
   2       
   5       
   0.5     
   0.5     
   2       
   5       
   0.5     
   0.5     
   2       
   5       
   0.5     
   0.5     
   2       
   10      
   1       
   1       
   4       
   10      
   1       
   1       
   4       
   10      
   1       
   1       
   4       
   10      
   1       
   1       
   4       

EFC_KBIP
   0         1.1e+02   0.9       0       
   0         1.1e+02   0.9       0       
   0         1.1e+02   0.9       0       
   0         1.1e+02   0.9       0       
   0         1.1e+02   0.9       0       
   0         1.1e+02   0.9       0       
   2.8e+03   1.1e+02   0.9      -9.2     
   0         1.1e+02   0.9      -9.2     
   0         1.1e+02   0.9      -9.2     
   0         1.1e+02   0.9      -9.2     
   2.8e+03   1.1e+02   0.9      -9.2     
   0         1.1e+02   0.9      -9.2     
   0         1.1e+02   0.9      -9.2     
   0         1.1e+02   0.9      -9.2     
   2.8e+03   1.1e+02   0.9      -8.8     
   0         1.1e+02   0.9      -8.8     
   0         1.1e+02   0.9      -8.8     
   0         1.1e+02   0.9      -8.8     
   2.8e+03   1.1e+02   0.9      -8.8     
   0         1.1e+02   0.9      -8.8     
   0         1.1e+02   0.9      -8.8     
   0         1.1e+02   0.9      -8.8     
   2.8e+03   1.1e+02   0.9      -8.8     
   0         1.1e+02   0.9      -8.8     
   0         1.1e+02   0.9      -8.8     
   0         1.1e+02   0.9      -8.8     
   2.8e+03   1.1e+02   0.9      -8.8     
   0         1.1e+02   0.9      -8.8     
   0         1.1e+02   0.9      -8.8     
   0         1.1e+02   0.9      -8.8     
   2.8e+03   1.1e+02   0.9      -8.8     
   0         1.1e+02   0.9      -8.8     
   0         1.1e+02   0.9      -8.8     
   0         1.1e+02   0.9      -8.8     
   2.8e+03   1.1e+02   0.9      -8.7     
   0         1.1e+02   0.9      -8.7     
   0         1.1e+02   0.9      -8.7     
   0         1.1e+02   0.9      -8.7     
   2.8e+03   1.1e+02   0.9      -8.8     
   0         1.1e+02   0.9      -8.8     
   0         1.1e+02   0.9      -8.8     
   0         1.1e+02   0.9      -8.8     
   2.8e+03   1.1e+02   0.9      -8.8     
   0         1.1e+02   0.9      -8.8     
   0         1.1e+02   0.9      -8.8     
   0         1.1e+02   0.9      -8.8     
   2.8e+03   1.1e+02   0.9      -17      
   0         1.1e+02   0.9      -17      
   0         1.1e+02   0.9      -17      
   0         1.1e+02   0.9      -17      
   2.8e+03   1.1e+02   0.9      -15      
   0         1.1e+02   0.9      -15      
   0         1.1e+02   0.9      -15      
   0         1.1e+02   0.9      -15      
   2.8e+03   1.1e+02   0.9      -25      
   0         1.1e+02   0.9      -25      
   0         1.1e+02   0.9      -25      
   0         1.1e+02   0.9      -25      
   2.8e+03   1.1e+02   0.9      -19      
   0         1.1e+02   0.9      -19      
   0         1.1e+02   0.9      -19      
   0         1.1e+02   0.9      -19      

EFC_D
   1.2     
   1.1     
   0.96    
   0.91    
   0.9     
   0.9     
   1.8     
   18      
   18      
   4.5     
   1.8     
   18      
   18      
   4.5     
   1.8     
   18      
   18      
   4.5     
   1.8     
   18      
   18      
   4.5     
   1.8     
   18      
   18      
   4.5     
   1.8     
   18      
   18      
   4.5     
   1.8     
   18      
   18      
   4.5     
   1.8     
   18      
   18      
   4.5     
   1.8     
   18      
   18      
   4.5     
   1.8     
   18      
   18      
   4.5     
   0.91    
   9.1     
   9.1     
   2.3     
   0.91    
   9.1     
   9.1     
   2.3     
   0.92    
   9.2     
   9.2     
   2.3     
   0.91    
   9.1     
   9.1     
   2.3     

EFC_R
   0.85    
   0.9     
   1       
   1.1     
   1.1     
   1.1     
   0.55    
   0.055   
   0.055   
   0.22    
   0.55    
   0.055   
   0.055   
   0.22    
   0.55    
   0.055   
   0.055   
   0.22    
   0.55    
   0.055   
   0.055   
   0.22    
   0.55    
   0.055   
   0.055   
   0.22    
   0.55    
   0.055   
   0.055   
   0.22    
   0.55    
   0.055   
   0.055   
   0.22    
   0.55    
   0.055   
   0.055   
   0.22    
   0.55    
   0.055   
   0.055   
   0.22    
   0.55    
   0.055   
   0.055   
   0.22    
   1.1     
   0.11    
   0.11    
   0.44    
   1.1     
   0.11    
   0.11    
   0.44    
   1.1     
   0.11    
   0.11    
   0.44    
   1.1     
   0.11    
   0.11    
   0.44    

ACTUATOR_VELOCITY
  -1.4e-09 
   4.7e-07 
   1.7e-07 
   1e-07   
   3.7e-10 
  -5.1e-09 

CVEL
   0         0         0         0         0         0       
   0         0         0         0         0         0       
   0         5.9e-15  -1.4e-09  -1.2e-10   1.2e-12   5.3e-18 
   4.7e-07   8e-15    -1.4e-09  -1.2e-10   2.7e-08  -2.5e-08 
   6.4e-07   8.8e-15  -1.4e-09  -1.2e-10   3.1e-08  -1.5e-08 
   7.4e-07   9.2e-15  -1.4e-09  -1.2e-10   3.4e-08   4.6e-09 
   7.4e-07   3.7e-10  -1.4e-09  -1.3e-10   3.4e-08   4.6e-09 
   7.4e-07   3.7e-10  -1.4e-09  -1.3e-10   3.5e-08   6e-09   
  -0.0023    0.0018   -1.6e-09   0.00012   0.00016   1.9e-05 
   0.0011   -0.0016   -5e-10    -4.2e-05  -3e-05    -9.5e-05 

CDOF_DOT
   0         0        -0         0         0        -0       
   6.2e-18  -1.4e-09  -5.9e-15   8e-11     5.6e-18  -1.2e-12 
   6.2e-18  -1.4e-09  -5.9e-15   3.8e-11  -5.2e-08  -1.4e-08 
   6.2e-18  -1.4e-09  -5.9e-15   4e-11    -1.4e-07  -1.3e-08 
   1.4e-09  -2.3e-08   7.4e-07  -3.5e-09  -6.1e-10  -1.4e-10 
  -1e-14     1.4e-09   3.6e-10  -1.7e-10   2e-07     2.1e-10 
   0         0         0         0         0         0       
   0         0         0         0         0         0       
   0         0         0         0         0         0       
   0         0        -0         8.6e-10   1.9e-05  -0.00012 
  -0         0         0        -1.9e-05   2.4e-10   9e-05   
   0        -0         0         0.00012  -9e-05     1.1e-09 
   0         0         0         0         0         0       
   0         0         0         0         0         0       
   0         0         0         0         0         0       
   0         0        -0        -7.6e-09  -9.5e-05   7.5e-06 
  -0         0         0         9.5e-05  -1.2e-08  -1e-05   
   0         0         0        -7.5e-06   1e-05     3.9e-09 

QFRC_BIAS
  -4.3e-08 
  -0.95    
  -0.47    
  -0.13    
  -0.00035 
   0.006   
   6.3e-14 
   5.1e-14 
   2       
   1.1e-07 
   2.9e-07 
  -2.9e-22 
  -2.6e-12 
  -1.9e-12 
   0.98    
   5.7e-08 
  -1e-05   
   2.2e-21 

QFRC_SPRING
   0       
   0       
   0       
   0       
   0       
   0       
   0       
   0       
   0       
   0       
   0       
   0       
   0       
   0       
   0       
   0       
   0       
   0       

QFRC_DAMPER
   0       
   0       
   0       
   0       
   0       
   0       
   0       
   0       
   0       
   0       
   0       
   0       
   0       
   0       
   0       
   0       
   0       
   0       

QFRC_GRAVCOMP
   0       
   0       
   0       
   0       
   0       
   0       
   0       
   0       
   0       
   0       
   0       
   0       
   0       
   0       
   0       
   0       
   0       
   0       

QFRC_FLUID
   0       
   0       
   0       
   0       
   0       
   0       
   0       
   0       
   0       
   0       
   0       
   0       
   0       
   0       
   0       
   0       
   0       
   0       

QFRC_PASSIVE
   0       
   0       
   0       
   0       
   0       
   0       
   0       
   0       
   0       
   0       
   0       
   0       
   0       
   0       
   0       
   0       
   0       
   0       

EFC_VEL
  -1.4e-09 
   4.7e-07 
   1.7e-07 
   1e-07   
   3.7e-10 
  -5.1e-09 
  -4.8e-05 
  -1.1e-07 
   1.7e-07 
  -1.6e-09 
   2e-05   
  -1.1e-07 
   1.7e-07 
  -1.6e-09 
   4.6e-05 
  -1e-07   
   1.6e-07 
  -1.6e-09 
   7.1e-05 
  -1e-07   
   1.6e-07 
  -1.6e-09 
  -3.9e-05 
  -1e-07   
   1.6e-07 
  -1.6e-09 
   1.8e-05 
  -1e-07   
   1.6e-07 
  -1.6e-09 
   8.2e-05 
  -1e-07   
   1.6e-07 
  -1.6e-09 
  -3.3e-05 
  -1e-07   
   1.6e-07 
  -1.6e-09 
   7.1e-05 
  -1e-07   
   1.6e-07 
  -1.6e-09 
   1.8e-05 
  -1e-07   
   1.6e-07 
  -1.6e-09 
  -0.00013 
   2e-07   
  -1.7e-07 
  -5e-10   
  -0.00015 
   1.9e-07 
  -1.6e-07 
  -5e-10   
  -8.5e-06 
   2.2e-07 
  -2e-07   
  -5e-10   
  -0.00011 
   2e-07   
  -1.8e-07 
  -5e-10   

EFC_AREF
   1.5e-07 
  -4.9e-05 
  -1.8e-05 
  -1.1e-05 
  -3.9e-08 
   5.4e-07 
   0.12    
   1.1e-05 
  -1.8e-05 
   1.7e-07 
   0.11    
   1.1e-05 
  -1.8e-05 
   1.7e-07 
   0.11    
   1.1e-05 
  -1.7e-05 
   1.7e-07 
   0.1     
   1.1e-05 
  -1.7e-05 
   1.7e-07 
   0.11    
   1.1e-05 
  -1.7e-05 
   1.7e-07 
   0.11    
   1.1e-05 
  -1.7e-05 
   1.7e-07 
   0.1     
   1.1e-05 
  -1.7e-05 
   1.7e-07 
   0.11    
   1.1e-05 
  -1.7e-05 
   1.7e-07 
   0.1     
   1.1e-05 
  -1.7e-05 
   1.7e-07 
   0.11    
   1.1e-05 
  -1.7e-05 
   1.7e-07 
   0.23    
  -2.1e-05 
   1.8e-05 
   5.3e-08 
   0.21    
  -2e-05   
   1.7e-05 
   5.3e-08 
   0.31    
  -2.3e-05 
   2.1e-05 
   5.3e-08 
   0.25    
  -2.1e-05 
   1.9e-05 
   5.3e-08 

SUBTREE_LINVEL
   0         0         0       
   0         0         0       
   0         0         0       
   0         0         0       
   0         0         0       
   0         0         0       
   0         0         0       
   0         0         0       
   0         0         0       
   0         0         0       

SUBTREE_ANGMOM
   0         0         0       
   0         0         0       
   0         0         0       
   0         0         0       
   0         0         0       
   0         0         0       
   0         0         0       
   0         0         0       
   0         0         0       
   0         0         0       

ACTUATOR_FORCE
  -2.2e-07 
  -0.95    
  -0.47    
  -0.13    
  -0.00035 
   0.006   

QFRC_ACTUATOR
  -2.2e-07 
  -0.95    
  -0.47    
  -0.13    
  -0.00035 
   0.006   
   0       
   0       
   0       
   0       
   0       
   0       
   0       
   0       
   0       
   0       
   0       
   0       

QFRC_SMOOTH
  -1.7e-07 
   5.4e-05 
   1.7e-05 
   9.6e-06 
   3.5e-08 
  -4.8e-07 
  -6.3e-14 
  -5.1e-14 
  -2       
  -1.1e-07 
  -2.9e-07 
   2.9e-22 
   2.6e-12 
   1.9e-12 
  -0.98    
  -5.7e-08 
   1e-05   
  -2.2e-21 

QACC_SMOOTH
  -1.2e-06 
   0.00042 
   0.0001  
   7.4e-05 
   2.9e-07 
  -3.6e-06 
  -7.7e-13 
   9.5e-14 
  -9.8     
   1.8e-11 
   2.3e-11 
   2.3e-22 
   2.6e-11 
   1.9e-11 
  -9.8     
   0       
   1.7e-18 
   4.7e-22 

EFC_B
  -1.4e-06 
   0.00047 
   0.00012 
   8.4e-05 
   3.3e-07 
  -4.2e-06 
  -9.9     
  -1.1e-05 
   1.8e-05 
  -1.7e-07 
  -9.9     
  -1.1e-05 
   1.8e-05 
  -1.7e-07 
  -9.9     
  -1.1e-05 
   1.7e-05 
  -1.7e-07 
  -9.9     
  -1.1e-05 
   1.7e-05 
  -1.7e-07 
  -9.9     
  -1.1e-05 
   1.7e-05 
  -1.7e-07 
  -9.9     
  -1.1e-05 
   1.7e-05 
  -1.7e-07 
  -9.9     
  -1.1e-05 
   1.7e-05 
  -1.7e-07 
  -9.9     
  -1.1e-05 
   1.7e-05 
  -1.7e-07 
  -9.9     
  -1.1e-05 
   1.7e-05 
  -1.7e-07 
  -9.9     
  -1.1e-05 
   1.7e-05 
  -1.7e-07 
  -10      
   2.1e-05 
  -1.8e-05 
  -5.3e-08 
  -10      
   2e-05   
  -1.7e-05 
  -5.3e-08 
  -10      
   2.3e-05 
  -2.1e-05 
  -5.3e-08 
  -10      
   2.1e-05 
  -1.9e-05 
  -5.3e-08 

EFC_FORCE
   1.7e-07 
  -5.4e-05 
  -1.7e-05 
  -9.6e-06 
  -3.5e-08 
   4.8e-07 
   0.18    
  -0.0016  
  -0.0017  
  -2.5e-06 
   0.22    
  -0.0016  
  -0.0017  
  -2.5e-06 
   0.13    
  -0.0016  
  -0.0016  
  -2.5e-06 
   0.15    
  -0.0016  
  -0.0016  
  -2.5e-06 
   0.16    
  -0.0016  
  -0.0016  
  -2.5e-06 
   0.22    
  -0.0016  
  -0.0016  
  -2.5e-06 
   0.26    
  -0.0016  
  -0.0016  
  -2.5e-06 
   0.29    
  -0.0016  
  -0.0016  
  -2.5e-06 
   0.15    
  -0.0016  
  -0.0016  
  -2.5e-06 
   0.22    
  -0.0016  
  -0.0016  
  -2.5e-06 
   0.23    
  -0.00049 
   0.00025 
   8.4e-07 
   0.22    
  -0.00045 
   0.00022 
   8.4e-07 
   0.28    
  -0.00065 
   0.00035 
   8.5e-07 
   0.25    
  -0.00052 
   0.00027 
   8.4e-07 

EFC_STATE
  1
  1
  1
  1
  1
  1
  1
  1
  1
  1
  1
  1
  1
  1
  1
  1
  1
  1
  1
  1
  1
  1
  1
  1
  1
  1
  1
  1
  1
  1
  1
  1
  1
  1
  1
  1
  1
  1
  1
  1
  1
  1
  1
  1
  1
  1
  1
  1
  1
  1
  1
  1
  1
  1
  1
  1
  1
  1
  1
  1
  1
  1

QFRC_CONSTRAINT
   1.7e-07 
  -5.4e-05 
  -1.7e-05 
  -9.6e-06 
  -3.5e-08 
   4.8e-07 
   0.017   
  -0.016   
   2       
   0.0026  
   0.0027  
  -4.4e-09 
  -0.0011  
  -0.0021  
   0.98    
   0.00083 
  -0.00044 
   4.1e-07 

QFRC_INVERSE
   0       
   0       
   0       
   0       
   0       
   0       
   0       
   0       
   0       
   0       
   0       
   0       
   0       
   0       
   0       
   0       
   0       
   0       

CACC
   0         0         0         0         0         0       
   0         0         0         0         0         0       
   0         0         0         0         0         0       
   0         0         0         0         0         0       
   0         0         0         0         0         0       
   0         0         0         0         0         0       
   0         0         0         0         0         0       
   0         0         0         0         0         0       
   0         0         0         0         0         0       
   0         0         0         0         0         0       

CFRC_INT
   0         0         0         0         0         0       
   0         0         0         0         0         0       
   0         0         0         0         0         0       
   0         0         0         0         0         0       
   0         0         0         0         0         0       
   0         0         0         0         0         0       
   0         0         0         0         0         0       
   0         0         0         0         0         0       
   0         0         0         0         0         0       
   0         0         0         0         0         0       

CFRC_EXT
   0         0         0         0         0         0       
   0         0         0         0         0         0       
   0         0         0         0         0         0       
   0         0         0         0         0         0       
   0         0         0         0         0         0       
   0         0         0         0         0         0       
   0         0         0         0         0         0       
   0         0         0         0         0         0       
   0         0         0         0         0         0       
   0         0         0         0         0         0       

